0.04851423988125239
2.246597812836747
-0.9063477763769381
0.6688435386863664
-1.246621425616317
-0.3577565861201093
1.528983282591507
-1.2300063233221747
-0.004481550590712277
-0.49888228210083396
-0.6597832856487688
-0.6842502550729858
0.8278639793825439
0.6095566409470299
0.018779319809611134
0.7834767073699949
-0.5204319274123188
0.2650772933178611
2.384519946584291
0.5392914434660602
0.6519397129644507
0.7749770597230975
-1.902902838877209
0.3136581906421747
-0.3793795932282233
0.34816583986869504
-0.4640335437859216
-0.10162558672102028
1.6380748134714416
-0.773300738851437
0.5023652063897414
1.4718058352486545
-1.7336074540626996
0.5719837938302348
-2.0981407367663545
0.3372161704467515
0.1380176149303328
-0.008808038350606036
1.2986219492014253
0.010707571834866383
-0.5213736638667579
1.8607419519172366
0.6863204125114127
1.054009242617621
-0.4374355277895521
0.7328472435313683
-0.18733094638468276
2.3456623173804148
-0.36493280458836636
0.19983234371010095
-0.9984091885528819
1.8668457706216082
0.35344444277073817
0.400530202713531
-0.6058763108075015
0.04391486376219177
-1.923458701503836
1.8552110677150369
0.14596636180350966
-1.1210660180107357
-1.5286746703928924
-0.014060967183769962
0.3432531979911352
1.598599477442448
1.998965872588053
1.014788891662235
-1.5477594033398672
1.2076955947402512
1.0705059356072788
-0.6492999252584281
-2.5771708372214994
0.5475601463675792
-1.5779105668214553
-0.6343392010450272
-0.4887978085974174
1.5983102811750838
2.4104408599962115
-0.48777713639454784
-0.8739935716925475
-0.9605049189335926
1.409734443201877
0.7979385620023488
0.33288708704395104
-0.9865097346984985
0.41573043826727185
-0.00846060837420108
-2.218922871988207
0.11078412820221839
0.5669064648759462
-0.04633529861002409
-0.053794016459250645
0.7095100324755974
-0.5155723509000194
-1.257739245826806
1.0926794919201728
0.37945726444313416
0.592384310885556
0.14510281933485286
1.5634801252478758
1.0813266172763327
