-0.4251905616114599
0.453935881703265
-0.45760312551901344
0.8565105029779493
-0.04998389050865954
-0.05124419455269899
-2.111216061129781
-0.19970600968547073
1.1466866978613555
0.7817560426919794
-0.675344980701721
-1.576229073314169
-0.3533652561484975
0.021205609416810253
0.27752020266289934
2.332921382234409
-0.3920251964060223
-0.6996198385102698
-0.5742285439116664
-0.4994922142367356
0.7020579173191376
-1.3240039915070574
-0.3371264803867058
1.1162606014796683
0.7761204851834402
-0.2601444494293719
0.1643145900775105
0.03679984818768911
-0.6540178972765784
0.986775182571478
-1.936729623661013
-0.26632100826965016
-0.5719154896909984
0.36592090457959264
-0.21046384583215658
0.7868314753805168
0.48012431289586854
-1.387884593867008
0.24784865178344553
-0.7216501402101079
0.7762403355947424
-1.4657586446130753
0.29272668123308265
-1.3784933043888785
0.4549726502458143
-0.7717500815885701
1.0222105103213788
2.167296131607978
-0.8755032004984645
1.2781538238763928
-0.002434933671014126
0.9600466884596098
-0.09486307230980051
-0.8924236921164691
-0.5070537581665657
-0.10826900800740806
0.9619969579416848
0.2385103651191584
1.1547942094841257
0.8766233415957995
1.6022773196652718
-1.4871545854688386
0.9912020382600097
1.1207208663851975
0.40107297557772176
0.2453767509075749
0.7381808203107489
-1.1207530154056637
0.4346044554604523
-1.5288213950907528
0.08429791126200174
1.208311149366448
1.3293769350300666
0.019932248592336787
0.4255055055598193
0.5627468022772086
0.7216223809708742
0.6187883591866333
-1.2922075481685151
-1.6063677136048011
0.10759089056177155
-1.7037575823195439
-0.44469690691896024
-0.908583102259863
-1.3511440300791695
1.8074447537989773
-0.7743417187823796
-0.5740026613967176
0.07395027613091369
0.3093693004751181
-1.5822258231164754
-1.6295852855813515
-0.7034923320327373
0.9827407959265964
1.130354045839157
-0.5011705854737503
0.8929049798049187
0.503627004851801
1.473748748805348
0.7811930828491627
