0.7835615710753525
-0.5705911869522948
2.0109606238207984
0.2245096223121703
-0.05409454142161518
2.037671386356527
1.281114039079351
1.2851506389464884
1.774628003579196
0.094019938010938
0.14992564095783956
1.042529899412599
1.4257597822019703
1.0224606269975345
0.12758437293250602
0.21617917673816267
1.5068257204040536
1.4143362982026124
1.7877875416417544
1.591959856319415
1.0089242942918164
0.37758448735676964
-0.2036866220299276
0.7303773677447745
0.5564494007605749
-0.020622432140816382
1.0385931553142103
-1.3113755181320972
2.443794856979988
2.9785484965433437
0.6162980690549993
1.3887553115578195
-0.21623231585728098
0.6071053167062208
2.548892480639455
-0.12162787483813142
-0.6159347296964648
2.010498447075698
2.068412870853229
1.4159258791361438
1.3286639295393434
1.9886947833928548
1.4553466663152368
-0.1419605870501126
0.5364531269159636
1.3189678454592857
1.3878747427331835
-2.286061171897825
0.8164888093804129
0.17437470754916162
0.8828039254071355
0.94834544839183
-0.1904983244671008
0.5343783291943225
0.7484352998497186
2.123782579109261
-0.2704016562682483
1.8896177005720558
1.2350546130919182
-0.8651432553272982
0.3439490318059055
2.521894885338358
2.38763784220547
1.3635148710203246
0.6798026122016017
-1.3754928151225592
1.530785347503367
0.9252510627550788
0.7877212448653121
1.572291225797453
0.2436836900432643
0.25984978460388486
-0.18058278706243613
-0.4893342008041113
1.8641047770343866
1.5796582255740637
1.6840904852146146
-0.648052347021645
2.4231304279008636
1.9880941976366913
0.2571437400991686
1.773423348565533
0.32096685810200853
0.04744400630647172
1.1476173960993472
0.25094871527027196
0.5111079734599235
0.5847344974224473
2.59356062214858
-0.4706716686747705
0.11245573771142059
3.040549737633792
0.6508579050852032
2.164586997708595
3.2979464954904594
1.6020274196804891
0.4798414101968873
1.5646249408773412
0.8936481543428246
1.6094138963483768
