0.0007711068325007564
-0.5434504232115227
-2.1689465882313645
-1.4095217525913024
0.802787465225973
1.312385384973994
0.8394786900523974
-0.5812132873253386
1.0368105751097163
1.9339814240766184
-0.4599588184421922
-0.4278644691801632
-0.3418580571900117
1.1607698211697812
0.2804240663594341
1.145744307998846
2.067771215241234
1.3165115892698938
0.1668407569743347
1.3998795947399585
-0.39016199984685385
1.8007779880078205
-0.368123786794451
0.9616701778435608
1.7868567489554088
0.6109352415304948
0.6578588352030059
0.013248211223769457
1.0442208869065035
0.14530380143669291
-0.6627835174192127
0.4648067749236391
1.004546643948355
0.8262462041111318
0.9757253613310647
-0.38238388594603134
0.9147315319353062
0.171385311859085
0.5960603334546313
0.47486952544357697
0.252640894608339
-1.2148152295423913
0.889085083631189
-1.0336034265794134
0.5341121961590057
0.5621726031967356
-0.5493482804721628
0.015793336958788262
-0.7632213558123198
-0.0014671266423693652
1.5103975537444745
-1.16357977743056
-0.9609644202504011
-0.14381027065844243
0.6081536148165687
1.6852326892485354
-0.3719685634731865
1.3259817476321991
0.11790234985099002
0.4186148135405412
1.4320514418509167
0.43327811845065767
0.17593021545893056
2.3692954338704837
-0.37616048086239484
-1.0178319572814312
-0.024188295472971078
1.9459762095759001
0.3397140382561303
0.013460640003658375
0.2938608925263254
-0.006474175447351627
-1.1061838568557776
-0.7682915914353727
-0.16348834946444557
1.3779829994741926
0.05800309571432127
0.17266220812843358
0.046885072827199115
0.0053476935956700555
0.7366890421205536
-1.7611442076496604
1.117470046567681
0.9868242223314838
-0.9044452065365689
0.28611174347964363
0.4649963808381064
1.6519316183003556
-0.060148140873666045
0.24870514641563357
-0.730254896762234
2.305841714564951
0.33870575750029436
-0.4327566927755173
1.2987055919339032
1.0309821907765144
2.2081998421761697
2.730988248332865
-1.5595211800751216
1.176757089961629
