-0.09443808588870795
-0.7340402733609819
-1.65877463805178
-0.8887104205032933
-1.1719031607638404
-0.362746106558274
-2.4021056671262153
-0.5976653287059477
-0.14062763133401568
-2.2940712816427995
-1.9304943119572051
-1.4552355414238156
0.6450376156301418
1.0426969032039466
-1.9339439965164933
-1.178988498389736
-0.6714198360491672
-2.1422962057411876
-1.666409879673144
-0.7807838251738403
-2.397899441423176
-0.6128682808202006
-1.4873886694832845
0.5675520235132463
-1.343536585989078
0.42662952865180315
-0.06456936532951763
-1.226295598035172
0.06783805518410779
-1.7344527579860527
-0.3553995886433582
-1.788339485934423
0.5238224431089595
-0.8195012509070483
-1.1529645122693104
0.7458975065736777
-0.9655204836031742
0.390089326117252
-1.5240255689808975
-0.07998488442469642
-0.5134899457613797
0.055807939397131134
-0.19542666713490142
-1.589123059626218
0.3899252004399745
-1.4754908795277983
-0.3287078540587903
-1.1418274328021858
0.6331191981962989
-0.1517417703574353
-0.49277200742273364
-0.6228362092625632
-0.5849250072247757
-0.47784256898820043
-2.5169751228720676
-1.8664924249069412
0.1033627949188316
-1.0566328721275369
-0.8671322744218161
-0.05224397336698705
-0.9420656107406196
-0.08408527078027106
-0.48508037283301986
-3.4373735215557506
-2.2282944149583974
0.05465033094377825
-0.2726432266067277
-1.4170565500708274
-2.0224355568203563
-1.9190910289455327
-1.321396343786668
-2.314029412316718
1.0351477766213546
-1.8111430179921724
-0.8304185303366285
-1.1608759081284976
-1.376682088826979
-1.435195695221851
-1.7470465821443149
-0.592577340408845
-1.538844633204568
-1.430247532396462
-2.1105790920680843
-0.5326768631300902
-1.0517929240952983
-3.2432146858276423
-0.7720051514265086
-1.0665291794025178
-1.5931465351081486
0.009439709256058304
-1.411162688597559
-0.12424080233077406
-1.0518958481200296
0.10497489986382846
-0.3017014739885805
-0.6688884455470999
-1.4817110036836363
0.09777576577289326
-0.8669103247600978
-2.157902751414891
