-1.444475863380362
-2.1638815343015407
-1.3179385981591398
0.02987562869560978
-1.7321944132591425
-0.2513897038307106
0.7378509448215924
-0.0923628245571187
1.1294889241120434
-1.286356211785771
-0.5061985768175511
-1.399287929904967
0.9118713974100592
-1.0134410318404818
-0.9013025044222749
0.04446520015919697
0.20131218357730585
0.32622543529813197
-1.2798529410994952
-2.5239289419540025
1.6330483157901283
-1.3064928588555573
-0.40898245303983594
0.6449798210399393
0.08623159357369903
-1.0192009190619564
-0.004283713200346817
-1.1813227782883584
0.12531852498293228
-0.765894661150391
-0.4514344729591553
-0.30208689163805263
-0.29975049686996447
-0.8829159332931014
-0.680682728847503
-1.795532234203138
-2.45304570606565
-1.3159464126616918
-2.777161848123623
-0.5848615271392076
-1.7470514125004661
-2.39279450895491
-1.4374974974753754
-2.6149819775846104
0.5305543889839031
-1.0956628359532727
-2.4021065236248624
-0.8985154075995814
-0.5600660691625605
-0.5972510325871506
-0.30664136882352855
0.22456754603444262
0.674803648831896
0.7620551844522181
-0.6685171860317731
1.2311664263198936
-1.0551754057574665
-0.7114094454978107
-1.8555064303875475
-2.095170224061147
-0.9934980894224242
-0.27871282672251363
-0.4864328655856894
0.2768039663094274
-0.7013890811100807
-2.579349085297171
-1.2067979723336921
-1.477462652632668
-1.348129356701554
-0.33857116897278355
-0.4985761624731511
-1.249590125620782
-2.475644441949956
1.1489679592557525
-0.20239037223291428
-0.12909023725477958
-1.1677391594223592
-1.2911519333668395
-0.21617029991878417
-1.5526555525634114
-1.3373425429977128
-0.1955912674909952
-1.0229676617203083
-0.17732627544038237
0.27526169351653584
0.4805322125554815
-0.5274017328381403
-0.9429053903869087
-0.0352547495023075
-1.283253174467079
0.626016417605473
-0.33697384809835096
-0.6252559757508922
-1.08228969651265
0.78316148384789
1.1897164371561244
0.8380983616403985
0.19754646695066547
0.09953571020838159
-0.26734323508778624
